2013 GDP,2014 GDP,2015 GDP,2016 GDP,2017 GDP,2018 GDP,2014 Growth %,2015 Growth %,2016 Growth %,2017 Growth %,2018 Growth %,2013 to 2018 Growth %,2010 to 2018 Growth %
765926,776846,801610,815319,841459,886941,1.43,3.19,,,,15.8,
226490,222094,202566,197452,207212,218936,-1.94,-8.79,,,,-3.34,
1100796,1137718,1188565,1244362,1309981,1393189,3.35,4.47,,,,26.56,
457006,469347,475047,481499,493533,513676,2.7,1.21,,,,12.4,
9051084,9580647,10215088,10631187,11276446,11990933,5.85,6.62,,,,32.48,
1153221,1226284,1274221,1317474,1400016,1487001,6.34,3.91,,,,28.94,
986527,995462,1040289,1054784,1073241,1102906,0.91,4.5,,,,11.8,
240329,264975,281966,276390,280642,291561,10.26,6.41,,,,21.32,
459565,479364,500848,519306,528588,562646,4.31,4.48,,,,22.43,
3202819,3357936,3580588,3755097,3942663,4156947,4.84,6.63,,,,29.79,
1842342,1943264,2054264,2158100,2265894,2368613,5.48,5.71,,,,28.57,
303151,311417,330842,343373,357715,375192,2.73,6.24,,,,23.76,
244073,254087,264019,276119,290893,308210,4.1,3.91,,,,26.28,
2958511,3061392,3171997,3225259,3307273,3461242,3.48,3.61,,,,16.99,
1234726,1299738,1320130,1352503,1404421,1467201,5.27,1.57,,,,18.83,
641198,686243,713890,718187,727386,758807,7.03,4.03,,,,18.34,
572883,592900,609498,627431,644880,673271,3.49,2.8,,,,17.52,
729436,746090,767694,781368,802862,832351,2.28,2.9,,,,14.11,
915870,954715,937196,908907,956818,1029151,4.24,-1.83,,,,12.37,
214874,223181,230106,239016,248162,259424,3.87,3.1,,,,20.73,
1365022,1408186,1468385,1539555,1577035,1650337,3.16,4.27,,,,20.9,
1817381,1893119,2011433,2077632,2163144,2277951,4.17,6.25,,,,25.34,
1730872,1796507,1897204,1967098,2022243,2108383,3.79,5.61,,,,21.81,
1224612,1279115,1317971,1356398,1405669,1475408,4.45,3.04,,,,20.48,
406551,416584,423533,428386,440891,459334,2.47,1.67,,,,12.98,
1111404,1138849,1179177,1190331,1219785,1275684,2.47,3.54,,,,14.78,
172563,177981,184612,181831,190235,201307,3.14,3.73,,,,16.66,
430417,444645,461313,464777,482068,495915,3.31,3.75,,,,15.22,
522485,540614,576930,604859,635392,677241,3.47,6.72,,,,29.62,
280729,289361,304133,313910,323601,337855,3.07,5.11,,,,20.35,
2134746,2186747,2278717,2329710,2381295,2488010,2.44,4.21,,,,16.55,
353644,369924,363876,364173,377070,401185,4.6,-1.63,,,,13.44,
5422327,5709978,5951014,6158221,6416533,6675465,5.3,4.22,,,,23.11,
1822085,1903977,2014515,2076487,2153605,2254761,4.49,5.81,,,,23.75,
215527,234599,220048,203330,209888,224327,8.85,-6.2,,,,4.08,
2244181,2373424,2443090,2491338,2581305,2703620,5.76,2.94,,,,20.47,
730475,780092,743749,715655,753472,810217,6.79,-4.66,,,,10.92,
717531,755521,812637,860203,906475,959133,5.29,7.56,,,,33.67,
2655605,2764750,2844823,2904657,2977163,3132671,4.11,2.9,,,,17.96,
212364,217161,226396,230156,224497,241727,2.26,4.25,,,,13.83,
732059,767751,815685,851950,892444,935718,4.88,6.24,,,,27.82,
179260,184186,191009,194423,198954,208058,2.75,3.7,,,,16.06,
1171215,1215238,1290655,1340103,1383800,1456419,3.76,6.21,,,,24.35,
6009001,6291275,6273826,6262530,6662527,7210047,4.7,-0.28,,,,19.99,
537007,565040,597486,631534,669018,712550,5.22,5.74,,,,32.69,
116395,118805,122920,126638,128838,133026,2.07,3.46,,,,14.29,
1820280,1853912,1936865,1975510,2037493,2131570,1.85,4.47,,,,17.1,
1677379,1768806,1881317,1965434,2099258,2263326,5.45,6.36,,,,34.93,
284150,287678,281125,278885,292650,309749,1.24,-2.28,,,,9.01,
1129537,1175539,1223266,1254132,1287951,1345178,4.07,4.06,,,,19.09,
155686,157742,150887,142961,139473,156475,1.32,-4.35,,,,0.51,
